9.338535624699957349e-01 -7.531745792791902372e-02 3.668428551585201786e-02 2.420919131657043796e-02 2.019017567480138609e-02 2.000629667110996601e-02 3.781661881018095334e-02 5.503352936146704844e-02 -1.971117709467242601e-02 -1.779316823043716744e-01 6.987083077818503907e-02 1.291031581054349897e-01 8.395917156747718241e-03 1.583690825768041890e-02 5.499531442944519122e-02 8.701320825911596293e-04 -6.502396804540973296e-02 -4.557502882051407689e-02 5.098860962333269520e-02 4.550905434917558445e-02 1.143246374341934241e-01 3.844465155371147580e-02 -1.865997279563660211e-02 -2.250158083887604694e-03 -3.168917156112780603e-02 4.639645082626323025e-02 4.865235921788102491e-02 5.462279615741103683e-02 1.688308455023344173e-02 2.150339083202994217e-02 -9.519965429554780312e-02 1.606609171823565330e-01 -1.563790304545262591e-02 2.109093103208983244e-01 2.435809083198998970e-02 -4.575905878631674195e-01 2.814412384940817580e-02 2.755700588809287810e-01 -2.494731203433208158e-02 -9.412701146181524231e-03 1.813832080174578726e-02 4.968944471009539843e-02 4.390876451239904277e-02 -7.638180879606649987e-02 -1.050833604824660122e-03 -5.039364566767451370e-02 2.352820467783435857e-02 1.237184547585629645e-02 -7.627595604269314308e-04 -3.636351856375932140e-02 -2.832733557388814744e-02 3.323404650172485236e-02 5.369199116086680740e-02 2.220543337071217982e-01 3.379323326807687211e-02 -5.094274483438963191e-02 -3.769003203784676015e-01 7.551588557886476649e-02 -7.426268760416684239e-03 -6.107334748402797053e-03 -1.454066161288553038e-02 -1.872306272717101086e-03 -2.378942016682258909e-02 1.656431706836394499e-02 -2.738937856361057903e-03 1.550591067574075277e-02 9.337095731345317756e-03 9.253007594612061570e-03 3.041042431706236782e-02 3.315102111883932133e-03 -2.461698134376924963e-04 -1.249237323369528641e-02 1.029727513752671207e-02 -2.683472566792105985e-03 -1.432626414544497899e-03 1.566105418975261357e-02 -1.718452176904955789e-02 2.283025706166738091e-03 -2.617164055656221334e-03 -7.108258583451719341e-03 -1.087969039131100359e-02 1.642032857167275567e-02 -6.837485583149748025e-03 -1.332928825728598495e-03 -3.362644810895105973e-03 2.389915629078690970e-02 -4.455731823034995293e-03 -4.864390414640766720e-03 -2.782437772355726702e-03 -4.131469774707779291e-02 -6.357496701087146478e-03 2.169046497202710855e-03 -4.227862011007709267e-03 1.602089480323630379e-03 1.825135986504831595e-02 2.252407314726822402e-03 9.743992926189090631e-03 4.266502837857013945e-03 1.207321821358289891e-03 -1.970036717768065479e-02 -5.522239239739949214e-03 6.107197757599638378e-03 8.134282786853817837e-03 -1.035869985245740227e-02 -2.646324458215862634e-03 -1.575434596663987004e-05
-7.531745792791902372e-02 1.002805918779703376e+00 2.965737596900339113e-02 -1.026569555651992045e-03 -9.887115489602369203e-03 -1.775219551409968136e-02 -1.013158436515793938e-02 -5.920422471693324862e-03 5.640838942960890376e-03 4.549793948250235864e-02 -2.373602567490199627e-02 -3.868387831158529022e-02 -1.192309994332037444e-02 -3.020351197107727387e-03 -2.949059579022330485e-03 1.132794828538776985e-02 1.010403928321291361e-02 7.724305131057566595e-03 3.571909218564428556e-02 3.933870046402813264e-02 -7.618183425103941140e-04 1.775758619821641432e-02 4.143283357606133283e-03 -1.488451851093809675e-02 -7.539312085237039052e-03 -1.695199453534452713e-03 -2.312226177086220812e-03 -2.386372059166286946e-02 1.730147934010220837e-02 -1.559871435098442735e-03 -4.999858005813494037e-03 -1.706738401329890853e-02 -2.947296915477332253e-04 -1.923133293601033550e-02 8.420786433501730589e-04 3.287833424788677572e-02 2.535642236303991756e-02 -2.612972982242312697e-02 2.626763612054439957e-03 4.213308955875265903e-03 6.595980132753113609e-03 -1.742352880205835439e-02 -3.311697513404546905e-02 3.100109010402431545e-02 1.163473244002396177e-02 -7.506734016473502399e-04 5.433888510694711779e-03 -1.771635538724889922e-02 1.598227034618111830e-02 4.643518466526740107e-03 5.879620674646788420e-03 4.345337581232089699e-03 -2.597479921651994934e-03 -1.447846117917492466e-02 3.110429848684878942e-03 2.505641679400592153e-02 1.472195728571893021e-02 -1.085526283656998783e-03 -1.682303425872686345e-02 -6.571629227184037914e-02 -5.114923008856367415e-02 1.135038338657200496e-01 6.063537078935738941e-03 -5.306286589960369088e-02 2.610201937441438205e-04 -3.587694050885622751e-03 -3.246515213128399642e-03 1.516130552803096609e-02 2.945187247508809780e-02 1.087417936102933044e-03 -1.563639089091432063e-03 3.596008000466763971e-02 -5.387323712888743982e-03 4.556157292243847093e-03 6.145705938646224553e-04 -1.278792338684360888e-02 3.466421584566471009e-02 3.653331418151757690e-03 -1.160010215835415893e-02 1.091103760054519534e-02 9.380155536117736406e-03 -3.454439131650421154e-03 -1.144544111974045431e-02 -2.063020768357621930e-03 -1.192685955170118273e-02 -1.931052076793876755e-03 7.136583433066033717e-03 -8.172139435106864740e-04 2.564530031088470968e-03 1.375512379547248198e-01 3.005072304514883053e-02 1.482797802662261417e-03 2.694072847896103462e-02 -1.733701556781621841e-02 -2.894976723187045464e-03 -1.292985254626525041e-02 6.689694183596082283e-03 -1.765363193346441116e-03 -1.141785851474389629e-02 -4.616045220716335443e-04 -1.347603879491819602e-03 7.124255654559429572e-03 -7.760710233307072103e-02 -1.200971023150303532e-02 5.156439458945344043e-03 4.738702780360736118e-03
3.668428551585201786e-02 2.965737596900339113e-02 9.542037320881492368e-01 -1.300021154011188947e-03 1.497760553779391504e-02 1.800353780472963017e-01 -1.150173913440452785e-02 -4.798120487825914549e-02 3.657079927661912276e-03 -1.703941588939571553e-02 5.175144136170656273e-02 1.018367785598408015e-01 -2.032032675418832951e-02 -1.168072024932997324e-03 -4.913252308536752294e-02 1.996911772758892117e-02 2.110873160885813442e-03 9.006922764682330149e-03 1.547188775300625645e-02 2.698389125233013539e-02 3.913976244382951636e-02 2.723630239488500360e-02 -2.510452592625890544e-02 -1.706508890168869849e-02 -1.352333899397593908e-02 1.370726112664738712e-04 3.978094229800945014e-02 -2.675934955138297572e-02 5.763787098303040438e-03 1.703954558741826303e-02 -4.676807138118303786e-02 -2.077118017252251592e-01 -1.956565573206498626e-02 3.372279271977334791e-01 -3.043205327646664182e-02 -9.845665491452466889e-02 -9.407333646923321524e-02 -1.741236805970903523e-01 -2.450730381477831399e-01 1.349737200731977900e-02 2.273667405772359373e-01 -9.617909998906168725e-03 1.124441198362913230e-01 1.085139965785036076e-01 4.568168531797359155e-02 -1.190480178723600235e-01 -7.946004711332357862e-02 -6.960177032057143776e-02 5.861644894550106788e-02 -1.371695595459925671e-02 -2.047479031723731940e-02 1.359926821626480653e-01 -4.882557859807998973e-02 4.944045845536259032e-01 -1.296284764985093374e-01 -2.085500719274035672e-02 -5.002285122520395283e-02 -2.951922745535006110e-01 -3.456930519999436013e-01 -7.696545045899490754e-03 -2.850215191792937995e-03 -9.713951093798070535e-02 -9.817581243004660368e-03 8.732515043160904433e-02 6.167973929015623316e-03 8.519717306395492747e-04 2.595257631787491366e-03 -3.245090425947941368e-03 -1.438858458247677455e-02 -1.550349510602144244e-02 2.015338161511321443e-03 3.134782146393638117e-03 -4.920569225147634548e-03 -5.912478114428829784e-03 -1.666873520666359992e-02 7.902341034413604137e-03 6.185998363675454179e-03 -9.986779572214719500e-03 -9.791260735915803537e-03 -7.021923225320822123e-03 4.615260752162438605e-03 -3.023360430395367025e-03 2.291657730136718168e-02 1.025610999493833941e-02 1.159526690929470021e-03 1.922359323787744883e-03 -2.141512785019140941e-02 1.336155453004911906e-03 -2.143060140229595747e-03 4.372399333676411232e-02 1.836878963405235918e-03 -4.457410508209862406e-03 -6.112645527626096344e-03 -1.212129081823593371e-02 4.109848151042544938e-03 -5.538493700688496175e-04 -1.295142869504230416e-02 -5.544111025765656106e-03 -7.292831703648906556e-04 1.096110301602279359e-03 -1.378583130233888149e-02 -1.426896096504652427e-02 -1.282992110455549034e-02 3.446413139676347912e-03 2.907582058874566815e-03 1.539985753009022115e-02
2.420919131657043796e-02 -1.026569555651992045e-03 -1.300021154011188947e-03 9.321013194401166491e-01 -6.283744762269022344e-02 2.704076209039770265e-02 -1.805022271276180562e-02 -1.361119042391921961e-02 -3.339079596839586439e-04 -1.989359130342118614e-02 5.671308892364950588e-02 2.894499514344405292e-02 -1.567372103821496401e-02 1.113658998749495876e-03 1.850204325953516606e-03 3.884781827046977689e-05 -2.940861186176412737e-03 -2.023055708628997227e-03 -1.816856478206684260e-03 -2.183890305698999931e-03 -3.002694791878188652e-03 1.508348029622908956e-04 -1.178805106612197499e-02 -1.275073615169661223e-02 1.604787468284273218e-03 2.820501371089391071e-02 -1.825142323552999754e-02 7.559981778686107254e-03 4.315315400511924963e-03 1.368945602877256751e-01 -2.063373507444036040e-02 1.087692381314839772e-02 -5.321228434853264404e-03 -1.264172779219149834e-02 2.181924529611661834e-03 3.162060138513479723e-03 3.704645004137635013e-03 1.964607732757050508e-03 -7.165386427216354458e-03 -1.356576331639819085e-03 -1.893717090319271129e-02 1.667653704876808848e-02 -5.934091637138151111e-04 -3.390577587613654437e-03 -1.012973089770571183e-02 -4.784214452350664046e-03 9.344545151774160622e-04 4.202789223146356778e-02 -1.665134113669883981e-02 2.955476113219914630e-03 -1.421142435008527355e-02 -1.358198452910860769e-02 1.826589052764703187e-03 -9.692035990661339306e-03 1.383318905641316848e-02 1.114136283593914140e-04 -2.309400525339247445e-03 3.397255109779196650e-03 -7.123132926431885101e-03 7.535148102373956727e-04 9.003159088668470297e-03 -4.741117498688537935e-04 6.470357022126376617e-03 -5.920206997807138036e-03 -2.994506155409428459e-03 1.480914666983097283e-03 -4.751060478416824044e-03 -5.429100359646491913e-04 -5.813119482081987449e-03 8.563908803245328175e-03 -8.123771071820125918e-06 1.284453830136263620e-03 -3.379552906934415665e-03 -5.722559910122338063e-03 -7.195716984136736952e-03 9.275859434300014151e-04 -6.173423445299012439e-04 -2.497928286999089378e-03 -1.508303414278169721e-04 -1.242356226051844360e-03 -4.764697591959020026e-03 -8.644370767454432431e-04 1.759002928366914381e-02 -1.510523495966794487e-03 -1.738005576222602985e-03 -5.982071224822462993e-03 -6.925482291638939943e-04 6.979571086990810774e-03 -1.487921804841514520e-03 2.055884765543414640e-04 -7.560446027610817025e-04 -3.774886309755097849e-04 -1.498954119644061844e-03 -3.545678663986137798e-03 -1.013644730545464143e-03 -1.412759458679321064e-03 -1.598482926647493575e-03 -8.860190087100229799e-04 8.069463279587203025e-03 3.650108583537912434e-03 -2.630261948859398229e-03 -1.243536907956881935e-03 -5.180215130044907301e-03 2.192158496944064498e-03 -4.471483539901057944e-03 1.511051466594644233e-02
2.019017567480138609e-02 -9.887115489602369203e-03 1.497760553779391504e-02 -6.283744762269022344e-02 9.706282585176868594e-01 1.862577806841103634e-02 1.849691652204716111e-03 1.148164350698065682e-02 -2.230537647772023405e-03 -1.574349685269662083e-02 1.082567852679261478e-02 1.533795249044694539e-02 -4.566681964267268849e-03 -2.638955318583744575e-03 -4.326287271499571797e-03 -3.002175874579480173e-03 -5.204267888485091323e-03 -8.220326730858760686e-03 -3.867738193744278338e-03 1.627531515411912572e-03 2.249445976515256768e-03 -9.613596206900653154e-03 6.576343131312421125e-04 -7.680594973876003068e-03 6.521061146035974851e-03 2.827342709160761761e-02 -7.263030816041582578e-03 1.835616707311305690e-02 1.769140538761279288e-03 2.085926671666023247e-02 -1.013304842584468284e-02 -6.350423778849739048e-03 -7.996909040888483533e-03 1.382048020667813598e-02 -1.382172070231442711e-03 -1.051999600424005470e-02 -5.211385071478164335e-03 8.756845266209033196e-03 -1.089799438725258703e-02 6.120266634605913032e-03 4.182154893039673887e-03 1.660758083678558900e-02 -6.554656873284923392e-04 -6.663735105840914649e-03 -6.190985667045349056e-03 -1.890580991438369635e-02 -7.136960337601395976e-03 1.714515202505538516e-02 -6.761534672481882280e-03 6.188087786342905822e-03 -8.508823746121738172e-04 5.466001843689475767e-04 -4.456121500373633540e-03 1.570167347809082320e-02 1.095396121103449534e-02 -2.462830158963466142e-03 -1.637513704522584532e-02 -1.958886692967486132e-02 -6.361297271737333722e-04 -1.030729005938334913e-02 4.514787841694889274e-03 -8.634266722382001255e-03 -1.448434334603371882e-03 8.227831162780724350e-03 6.850780368008273051e-03 7.192803006777844128e-03 9.341567566982919221e-03 -3.095122268182714381e-03 -1.327675834408497974e-03 -3.808839226319111083e-03 -4.444590563982285351e-03 -4.454291174560550889e-03 -6.147201854798402774e-04 -8.467609496126893981e-03 -3.443814080696689251e-03 1.153931747737678599e-02 -4.082045024277235028e-03 1.140543277087498935e-03 4.025701093896516536e-02 4.912676166126011754e-03 6.557785915872337175e-04 3.098613581571416954e-03 5.637740953868977320e-03 2.275810516627195957e-03 -4.822654444420855155e-03 -8.549171258232818316e-03 -9.378944351669901702e-03 -4.499590450998427332e-03 -4.213714228383057606e-03 -1.598127653137594237e-02 4.262612520037238791e-03 -2.521660770813605439e-03 1.890534831261395793e-04 9.241406714376464203e-04 -4.723848174664931066e-03 -4.939891288190339722e-03 -9.560325857226159140e-04 -3.310149589150850578e-03 1.054055116026732589e-02 6.210544465313739063e-03 -4.706615716358777783e-03 4.639007252641661611e-03 2.575899293596574987e-03 4.298939621013572049e-03 -5.385894830549587883e-03 1.089603342970334697e-02
2.000629667110996601e-02 -1.775219551409968136e-02 1.800353780472963017e-01 2.704076209039770265e-02 1.862577806841103634e-02 9.419905909654322507e-01 1.623329644639940131e-03 1.781670087098737032e-03 -1.405940292515449851e-02 -5.139648409070303806e-03 9.158989339920650674e-02 8.747000049604519711e-02 -2.380704241261454024e-02 -1.133900809029308315e-02 -1.444626391385914477e-01 -2.864648125014731053e-02 -8.284226402848048065e-02 -3.319189752510429137e-02 -7.382250162831211979e-03 -2.652843758124626226e-03 2.705545895181953042e-03 -1.237058635822352488e-02 -2.132952723530867623e-04 2.016908711834593249e-02 3.450083273590611593e-02 3.280067325629178882e-02 3.721650989706842133e-02 2.471118053233500172e-02 -7.526363901963006343e-03 4.476205718413472229e-02 -5.457523553662371740e-02 5.705490694651388361e-02 -1.322846136517379567e-03 1.085837244244064609e-01 2.597234441149719533e-03 -1.242931303990544162e-01 3.933808330557948428e-04 -8.948715242896025657e-02 -6.446562387960039220e-02 1.523898795274513003e-03 5.862109098421143527e-02 9.173510795861383738e-02 1.097677779155791233e-01 -2.497142241805239485e-02 2.186404628042472667e-02 -1.185038928231930411e-01 -3.278041670279296937e-02 1.786680249571829041e-02 1.996106247586796820e-02 1.779896936971347293e-03 -1.855183163220202117e-02 8.086223167363408570e-02 -1.450849196214097914e-01 1.521034474819815685e-01 5.427461217409043637e-02 -2.921971607532547477e-02 -1.975002760579688266e-01 -5.780191817233618079e-03 -9.392530377352484305e-02 3.846152975752395366e-03 -2.977888697890069235e-03 -3.657158997338479101e-02 1.550286674526841178e-03 3.059280760044610914e-02 2.885803452485238667e-04 -3.624028386646180842e-03 -1.034375184051312957e-02 1.442846593793212749e-04 -5.058166629623652918e-03 1.500614196809321385e-02 7.627237067276901317e-04 -1.205237110808755376e-02 2.761054402924329083e-03 1.307576540907821015e-02 -1.740824120571501325e-03 5.376404807885403966e-03 -8.048697527356489263e-04 -7.291303613061406175e-03 6.919686029375043393e-04 -5.721232810847838232e-03 -8.385640097189494711e-05 -9.111206815600937647e-03 1.039003737849588434e-03 6.461162739031108340e-03 6.752014127950410442e-03 2.051825098025994616e-03 -4.310239667023733554e-03 8.853888802836320723e-03 1.266940115929414976e-03 1.250065500783265927e-02 -8.881941617112119186e-03 4.397507394156001392e-03 -1.115415955608391185e-02 -5.257754114983877354e-03 -9.176567567734657954e-03 4.015113717102033845e-03 -3.683291057999577792e-03 1.766297158621685454e-03 8.690134319282061259e-03 -8.497220702071567322e-03 1.098813676138662640e-02 -5.296807089310514444e-03 -6.415219432464062607e-03 -7.098749905917355572e-03 6.993948802137132589e-03 1.298828926474730402e-02
3.781661881018095334e-02 -1.013158436515793938e-02 -1.150173913440452785e-02 -1.805022271276180562e-02 1.849691652204716111e-03 1.623329644639940131e-03 9.888955768417340142e-01 -4.815938636794450667e-02 -2.361487807784713906e-03 -2.561179015139709580e-01 -3.933793725563636268e-02 -5.174018633835574671e-02 -3.588949706829425157e-02 -2.793882818500400406e-03 -3.735348809739364589e-02 -1.991803740467882819e-02 -1.825077880673358494e-02 -1.229804088516636695e-02 -1.051573702451976712e-02 -1.319511004232007054e-02 -1.816745105750903339e-02 -1.614359607484903633e-02 2.389264644760779807e-02 -3.113180251579581717e-04 1.617769740668144329e-02 -1.042317607435657182e-03 -9.328794290290473579e-03 3.961176449853730068e-03 -5.507713490949743551e-03 2.017851291780929038e-03 1.953763049355166856e-02 2.429963482509632858e-02 1.642853242594728702e-02 -1.492403999507488713e-02 7.218643761938179715e-04 -7.483621839046297047e-03 1.671869816540531460e-03 1.040472126990190337e-02 1.227532044482473744e-01 1.011717923050695772e-01 -3.040920131270563598e-02 2.098436494121039969e-02 -2.194744060158729596e-02 -1.153875960220294636e-02 -2.904882186447280829e-02 -2.956613756108380023e-02 -9.479911289459753629e-03 1.784641831275853713e-02 9.723714316179649791e-03 -5.590972248206751982e-02 4.269573255152368796e-02 -1.520039611585564422e-02 -3.743610973864264224e-02 -9.277167233603028640e-03 2.557993228742671751e-02 -4.423111631011797037e-03 -2.825208388695169687e-02 2.088747859290824432e-02 -9.575805812414161719e-03 2.123944203605792128e-02 1.202341179951973461e-02 4.909037369641290616e-02 -2.569861257493798092e-03 -5.221750313705486590e-02 4.308859930728686782e-03 -4.520153501906756452e-03 -8.059382528673851576e-03 3.358545999475669001e-03 -1.932629728834663356e-03 -7.135395501755768116e-03 -3.933396011522159556e-03 -5.265334466435639231e-03 2.294263042222259054e-03 1.370875881980844393e-03 6.325397970930899880e-04 -4.933317273343470685e-03 -2.369034134878162355e-03 -5.378489593128345236e-03 -1.066713152520494447e-03 -2.840953712848358695e-03 -4.568217292284624739e-03 -3.114566045564350072e-03 -6.778830964711345976e-03 3.804551448569913185e-03 -3.970517118554641595e-03 -4.801165528980791061e-03 -8.419360572040813021e-03 5.638848598815322105e-03 5.582604260551587809e-03 -1.988484495014308795e-02 -4.698353802315730077e-03 -2.669702155260962866e-03 -4.691641482569668120e-03 1.456873239346030517e-02 -2.527474653890002514e-03 1.079347846995270827e-03 1.098818172996693550e-02 -2.751147841254217991e-03 -8.137831909453212276e-03 -8.772081573767452969e-03 -4.037417816940214003e-03 -3.677341187084237628e-03 1.547442469434522419e-02 2.439113466522844359e-03 -3.902464430075760181e-03 -1.562829431661237525e-05
5.503352936146704844e-02 -5.920422471693324862e-03 -4.798120487825914549e-02 -1.361119042391921961e-02 1.148164350698065682e-02 1.781670087098737032e-03 -4.815938636794450667e-02 1.017039381686682731e+00 -4.098298768981822882e-03 -4.006258690320179117e-01 -5.470378258000629240e-02 -7.876213067840508175e-02 -5.498115272044221125e-02 -4.848708715744109998e-03 -6.158994461011908089e-02 -2.087815041200221863e-02 -2.126759726266321329e-02 -6.343717240214089524e-03 -1.007982755147092575e-02 -1.467563710285511858e-02 -1.339954133363709630e-02 -9.103922310551399236e-03 1.580811375168696825e-02 -2.291214176175831486e-03 4.045794289419423623e-02 -6.357004716435945592e-03 -4.273101624389716302e-02 1.244575106666302999e-01 5.815622119053584808e-04 -1.370365177544440732e-02 -2.339838626889932660e-02 3.470937343977689021e-02 -8.120784635629605189e-03 -6.477538435117777228e-04 -2.751169813909277138e-03 -3.142123002438907547e-02 -1.139337546109293019e-03 2.269450451991245760e-02 1.856316381923646397e-02 -4.478132976708629892e-03 -4.445723319285467545e-02 -2.549990607031743170e-02 -2.291571787800603457e-02 -2.104092915485323428e-02 -5.944014854344296939e-02 -3.934961188960874566e-03 -1.638760176578184583e-02 1.640426309837390295e-01 2.353713920713556562e-01 -9.283769715400636002e-02 -1.848328931190501567e-02 6.689309054963035045e-03 -6.173874665813192109e-02 -1.268475754965241696e-02 1.222228461073226373e-03 -1.029410294454238123e-02 -2.989091038796045860e-02 3.900338654918610731e-02 2.973588361417048645e-02 2.366837034039067159e-02 -2.141387623365410831e-02 3.552627881982702018e-02 -1.037818382684689740e-02 -2.304454396133720495e-02 -6.241906235375561246e-03 -3.130296054873880039e-03 -6.774894632520872539e-03 -1.079901220248267665e-02 -4.297813119096757783e-03 -3.081379539471231117e-03 -6.378273959851363598e-03 -2.358940498094955381e-03 -3.361707749956780508e-03 6.555069505571464207e-03 -4.482561818756019938e-04 -3.162247472001109179e-03 -2.220586031957415968e-03 5.350345951564543581e-03 -1.851252073127509969e-03 2.174732598152597299e-03 -1.211713202235510135e-03 -4.715926857296357660e-03 -1.029768667719426628e-02 -3.377266866012210590e-03 -6.231984534844173598e-03 -7.748075785723258259e-03 -1.768766247545682912e-03 -9.097845101281150371e-03 3.417945324639317523e-04 -1.890535112218684824e-02 9.274346077708514255e-04 1.783728751360250759e-03 -3.308272559261134053e-03 -7.082109620490508427e-03 -1.625114592238907207e-03 -3.360699844216913368e-03 1.408163022749741363e-03 -4.337418918982296513e-03 -1.281416189119899234e-02 -9.043520660393929850e-03 -6.458193033830139304e-03 -2.663649651343680952e-04 3.184774484001037798e-02 -2.119800749549035496e-03 6.885413107309661107e-04 -1.126010679075978640e-02
-1.971117709467242601e-02 5.640838942960890376e-03 3.657079927661912276e-03 -3.339079596839586439e-04 -2.230537647772023405e-03 -1.405940292515449851e-02 -2.361487807784713906e-03 -4.098298768981822882e-03 1.166586300465070281e+00 -2.595231264255568049e-02 -1.828187137040877992e-03 -4.556808382669919055e-03 -3.270755728354548305e-03 -4.342761075085017084e-04 -4.783685517949476905e-03 2.517315248884631484e-02 8.709555432228776109e-03 -2.357586453025320439e-03 -1.533632861236997784e-03 -2.135082931360244522e-03 1.428962490396297989e-02 -2.728813094746411309e-03 -3.025289293580590410e-03 -3.478082178883911985e-03 -5.695401485164463401e-03 -6.776414882979299621e-04 -7.630815591851866121e-03 -2.298985471026919643e-03 -8.561090537819252824e-04 -7.933748116257197678e-04 1.864995077355807024e-03 -8.888190141921489774e-04 -3.544932784747290575e-04 -6.412846863587952709e-03 -2.297472727224583993e-03 1.071538929676855642e-02 -3.751322995300078542e-03 -3.553799174665337162e-03 -6.893622834051743760e-03 -3.425405652049683418e-04 -6.487201858942069979e-03 -4.302423328472978516e-03 -3.468186985647943310e-03 -4.224885799592435071e-03 -4.904598477041133622e-03 -7.129751474025059800e-03 -1.453151063215993820e-03 -4.685344126068812648e-03 -2.067521666380227590e-03 -5.687115677941417813e-03 -2.576117489036318983e-03 -3.953942955162963700e-03 6.691432472227855366e-02 -9.994472778157065598e-03 -6.069290933888665807e-03 -3.671637291827777386e-03 2.358568735391504065e-02 -7.114119770671959754e-03 8.594483122494280328e-03 -1.982765840314932269e-03 -2.960555612803427925e-03 9.898424090166673892e-03 -1.768333989001324600e-03 -5.814069901012455452e-03 -3.447776810696447959e-04 -9.358139594562766552e-04 -7.364787121637446886e-04 -9.179941182154748372e-04 -9.187326937222401466e-04 -1.046696393383997207e-03 -4.698383427241412049e-04 -1.173837524967361089e-03 -7.366046627932789975e-04 -3.498013796295983808e-04 -9.145600561914471373e-04 -4.502715150207946466e-04 -1.008384279155289569e-03 -6.897735268605120025e-04 -1.658079689804716731e-04 -3.708300265384992613e-04 -3.633749546983218838e-04 -2.663217782092710314e-04 -7.432716053230988213e-04 -5.183805007448739855e-04 -4.090307059323796150e-04 -7.451289876588881173e-04 -1.031810097785406267e-03 -6.055980860085932033e-04 -4.495548298924566884e-04 -2.997226334236231544e-03 -6.398595213454908674e-04 -4.149736891310341512e-04 -6.359163541260888465e-04 -1.220045455620798148e-03 -7.650625120682267438e-04 -5.270295675938853428e-04 -1.114430596427877377e-03 -2.895174050057343395e-04 -8.513861984271246493e-04 -6.173830568584182501e-04 -4.542186933727172002e-04 -5.106920850451484228e-04 6.008823399471364783e-03 -9.842311432026594909e-04 -2.766491260876316146e-04 -2.177105567348254240e-03
-1.779316823043716744e-01 4.549793948250235864e-02 -1.703941588939571553e-02 -1.989359130342118614e-02 -1.574349685269662083e-02 -5.139648409070303806e-03 -2.561179015139709580e-01 -4.006258690320179117e-01 -2.595231264255568049e-02 9.905253861830776163e-01 -2.695442516624321772e-01 -4.362535866409735785e-01 -3.067811775704659127e-01 -3.070425354444299149e-02 -3.716806297646421120e-01 1.189749775264940107e-02 2.944091120798743300e-02 1.592031286489191746e-02 1.460749784403861905e-02 1.961918376158660812e-02 -1.607417956222739058e-02 1.296966348849803649e-02 -3.654598407866098322e-03 1.441077968568356404e-02 -2.048569037450958044e-02 -5.165644410409057224e-02 5.728999087217510888e-02 -7.813693276594309289e-02 9.601068422065359154e-03 -6.140723236015456499e-02 -5.492628721017595722e-03 -6.649943788252396688e-03 -1.713867340842188452e-03 -5.812216324775828363e-02 5.875401093685879948e-03 7.806942264263073972e-02 1.088974008903908011e-02 -4.600267169924143057e-02 3.800563261512525381e-02 -2.689243513361019855e-02 6.791999307777277228e-02 -1.425538735755588725e-02 -9.885029913700885129e-02 9.726370165870307227e-02 1.382859828228218679e-01 8.666692798711157775e-02 4.110225615470469718e-02 -1.037571486403096599e-01 -1.225818043398081425e-01 8.846522968015418931e-02 3.699214311344910938e-02 4.618943374223619808e-02 -3.726535905617308075e-01 -5.193869114651747387e-02 1.849351408738487273e-02 2.740552722124947951e-02 4.092402253789107630e-02 5.922094307779344688e-03 -1.865201513737987232e-02 -2.193934995406770713e-02 -4.313912812295577631e-03 -1.220422360451900185e-03 1.483513605141519205e-02 5.405640767689374494e-03 9.155331628839332228e-03 -7.219736247662935334e-03 -3.680292707451690917e-03 9.256647505445067536e-03 3.017877956521783627e-03 1.436752147781870069e-02 1.097216742137046598e-02 1.568966042778938488e-02 1.614128292293058944e-03 4.597391694108774081e-03 4.401263174882598730e-03 -4.763039560135735699e-03 2.144568703405497212e-02 6.973679369622852280e-03 4.645648056204890186e-03 -6.569329200714348407e-03 4.812971068540380058e-03 -3.422287610043253745e-03 1.341556710339086205e-04 -8.407731187726977945e-03 1.541619328606197957e-02 -4.577122964994591488e-03 1.666455052196373285e-02 1.107538337018699331e-03 4.862487904266077354e-03 4.612737070079793444e-02 7.949083881394123502e-03 4.799106387027542858e-03 1.234773803751621976e-02 1.647159020397499091e-02 5.699925465377070864e-03 1.698275073846838975e-03 7.094553034087518369e-03 3.591468772964473248e-03 -1.871539806488729807e-02 -1.727972347397297229e-02 -7.893927350409054439e-03 -2.886230196789650593e-04 -4.012212559749954444e-02 5.439897085091227429e-03 3.780487449408387150e-03 5.032142248759139888e-04
6.987083077818503907e-02 -2.373602567490199627e-02 5.175144136170656273e-02 5.671308892364950588e-02 1.082567852679261478e-02 9.158989339920650674e-02 -3.933793725563636268e-02 -5.470378258000629240e-02 -1.828187137040877992e-03 -2.695442516624321772e-01 9.600670240746740358e-01 -5.798031826760223495e-02 -3.965262180784358964e-02 -2.162933306001566230e-03 -3.417595103404796886e-02 -2.597919127173472023e-03 -1.094347184480212211e-02 -5.805322574483890927e-03 -3.402946797228314623e-03 -5.573357988564823021e-03 -1.922284675904238627e-03 -1.422485456573323878e-03 -4.072782580696291885e-03 -8.724497985687808613e-03 1.990589806117423061e-02 1.222051887789614433e-02 -1.203886973135494948e-02 -7.781620210014183504e-03 -4.263892841389893551e-03 5.394473257526855720e-02 -2.971001962576366728e-03 -6.425264963172009139e-03 -7.033094891925597766e-03 4.580032700007165281e-02 -7.027159818498005320e-03 -4.231871681151854608e-02 -4.492773052057459290e-03 6.036592661743907413e-03 -3.850535522151903034e-02 -2.533151130238953282e-03 -1.747991856998427213e-02 1.053045881868261147e-01 2.500126079511545002e-02 -2.458502944615119368e-02 -2.992268459182619023e-02 -2.609289774839543274e-02 -7.443891560804286912e-03 -1.662606141762438053e-02 -2.542037948737488687e-02 8.332840374506905734e-02 -3.082087871255072969e-02 -2.096707592459055164e-02 -3.423111638336729518e-02 5.724874791248839301e-02 -1.794517821753465608e-02 -1.367119117214004795e-02 -2.234691223284378594e-02 -1.559328856046663346e-02 -2.348236320119856044e-02 -1.125144657188022548e-02 1.279947857082496671e-02 -3.676485759584138813e-02 -2.210929141479781382e-03 2.813158586661057559e-02 -4.744501975282427661e-03 2.552133808750877732e-03 -5.158971517693468865e-03 -5.267525451511465701e-03 1.779112110505104427e-02 2.283730959478398083e-03 -3.773091612157320612e-03 -4.592790246576513788e-03 -4.030134390155018856e-03 -7.459788853275032411e-03 4.374527732886376169e-04 1.222110678991181892e-02 -6.047520535379628456e-03 -4.915941986786022747e-03 -8.258146656183283770e-04 1.586799887732134179e-02 -5.319481264858457251e-03 5.923704568277418300e-03 1.093129215189913954e-02 1.060599525168787974e-03 -4.144206894591721119e-03 1.481508660169541516e-03 -3.935311505460569598e-03 -1.435280380014389897e-03 -3.575044220393744799e-03 -7.384377928637296529e-03 -4.102423983985927468e-03 -2.066796671098227421e-03 -4.112139900873184109e-03 -1.117724096459126251e-02 -3.169456738892272203e-03 8.463100095006188990e-04 -8.152708854740616656e-03 -2.840114478374101969e-03 1.850180923547565040e-02 2.517183751953973314e-02 1.855882221596033554e-02 4.772030375485996484e-03 -1.340672613842010079e-02 -1.837556322930468996e-03 3.875988167951793448e-03 3.160939119858849344e-02
1.291031581054349897e-01 -3.868387831158529022e-02 1.018367785598408015e-01 2.894499514344405292e-02 1.533795249044694539e-02 8.747000049604519711e-02 -5.174018633835574671e-02 -7.876213067840508175e-02 -4.556808382669919055e-03 -4.362535866409735785e-01 -5.798031826760223495e-02 9.907083917915413540e-01 -5.960131422597909900e-02 -5.391172719824032476e-03 -6.780219833163625420e-02 -8.459078413600273471e-04 -1.656884916054716592e-02 -1.587016894240246556e-02 -2.587917032918733836e-04 -5.947184927689088199e-03 3.836636595903157587e-02 -4.505862047054443910e-03 -9.985633643068812446e-03 9.511631288557642616e-04 -1.395192337264155105e-02 1.238360317813298923e-02 1.321282847737396612e-02 -1.168575779253858832e-02 -1.062787405556297506e-02 7.830224849669815967e-02 -1.651006830708718481e-02 -1.275265659289937306e-02 5.085343934711277977e-04 1.042788799782814052e-01 -1.352456066985785986e-03 -9.352821419981108275e-02 -1.802816825472515830e-02 -1.911164457757174315e-03 -8.562713272422238509e-02 -4.924934283060168790e-03 7.320635337791485397e-02 2.054298619449434343e-02 2.388715305396030275e-01 -4.930457801130071205e-02 -5.432644218774676514e-02 -2.539376195943845310e-02 -1.820748823160079841e-02 1.075865562521142321e-02 -3.868054713953569118e-02 3.366251207079230812e-02 -3.213304213294870121e-02 -1.229523313879966667e-03 -6.796878297968866889e-02 1.075437692575550302e-01 -2.897650501968378547e-02 -1.577874829132457427e-02 -6.854384890189312018e-02 -3.857277574651709479e-02 -3.391937574852002188e-03 9.542829192456066994e-04 -4.847952727982223972e-03 -5.621801295770995077e-02 -1.240233267249767762e-02 5.234858619881058162e-02 -6.741847851270715841e-03 4.636898830564790963e-03 -7.252760710900665181e-04 3.208408634482383132e-03 6.093081421067541269e-04 -7.994284210068688945e-03 -2.829820428477168495e-03 -7.254890499348135707e-03 4.473093491568843824e-03 -4.456359854134832321e-03 -7.283094734717854637e-03 1.577172426638378394e-02 -1.335191482876357458e-02 -9.766848066516342630e-03 -2.058366517617341625e-03 1.064549397106536593e-03 -7.364953242587557285e-03 1.413968059545208517e-02 -4.994099699335012750e-04 2.056317901038529072e-02 -6.791127206249187968e-03 1.518599987975692567e-02 -4.218351177717643945e-03 4.273381075391572900e-03 -6.667250830647089739e-03 -1.788671466992557829e-02 -4.693288181180652399e-03 6.773391709983030834e-04 -4.540134732694047284e-03 -1.667864159736187277e-02 -5.759338810940911775e-04 -9.828427061483228054e-04 -5.629624365277160689e-03 -4.731054706556169637e-03 3.299248242711971812e-02 -1.033748554418923576e-02 8.246613076851970828e-03 -1.461145879161234113e-03 1.237786172836785950e-02 -1.277416839736245134e-03 -3.214917353669311147e-04 -2.095291641861318863e-03
8.395917156747718241e-03 -1.192309994332037444e-02 -2.032032675418832951e-02 -1.567372103821496401e-02 -4.566681964267268849e-03 -2.380704241261454024e-02 -3.588949706829425157e-02 -5.498115272044221125e-02 -3.270755728354548305e-03 -3.067811775704659127e-01 -3.965262180784358964e-02 -5.960131422597909900e-02 9.912984551631547347e-01 -3.869640233939427437e-03 -4.819810007735132046e-02 -2.277894253347978112e-02 -2.525301277013505818e-02 -8.022780636144935529e-03 -1.177678094417968467e-02 -1.344032975818274661e-02 -1.678438625264257883e-02 -1.888879021672257991e-02 -4.354637024995755210e-03 -7.698762491000968669e-03 2.422507498141292931e-02 9.798743360920744716e-02 -4.965552746592098721e-02 6.752433390142978387e-02 -3.428441504626627331e-03 7.250468242908933783e-03 1.455511739820801280e-02 1.683198933301558592e-02 2.927125297857314373e-04 -9.432588815560223952e-03 -2.588253468603789447e-03 1.868473801652421580e-03 4.557150074859258812e-03 -1.414952888054821396e-02 4.794707294186383723e-02 -3.497547995489807496e-03 -5.054511655647890567e-02 9.958949040715783102e-03 -2.048845566334445492e-02 -3.454161994327382967e-02 -4.292966581174861851e-02 -1.290566899424050364e-03 -1.305950760181502635e-02 1.173258421250719247e-01 9.991854860306678687e-02 -6.699368895682014657e-02 1.865384520548724057e-02 -1.588031581713713475e-02 -4.831845399956979925e-02 -8.769237456094923153e-03 1.911760551838676339e-02 -1.228075650366465196e-02 -1.349664985799253585e-02 1.115803721056290825e-02 -2.192908007744354994e-03 4.343078282034197428e-03 1.624056029818453373e-02 1.589019574093985046e-02 -1.201756858267843779e-02 -1.940435139113651578e-02 -4.702089015480208703e-03 -4.175320594778736405e-03 2.181419318736445290e-02 -4.403905923848642177e-03 -1.127349282473349978e-02 -9.666834766076116622e-03 -4.958077092495511221e-03 -1.156939982410433616e-02 -5.099013668148611421e-04 8.985016307915504041e-06 -5.198225585414228272e-03 -5.737494295908332660e-03 -9.537243268811312555e-03 1.892479442392220376e-03 -1.477440680665660774e-03 -3.689980628053308401e-03 8.836759235142752078e-03 -3.560160302477253895e-03 2.287440314217999843e-02 -3.457703475877677013e-03 -4.779117735925854371e-03 -2.875926096470251929e-03 -6.985731169443029284e-03 -1.196085376181256661e-03 -4.725101211318029695e-03 -2.470165701288510457e-02 -7.301445991227347755e-04 -3.697645013678339549e-03 -6.175121601726861476e-03 -9.510790982881080213e-03 -8.852640932572288651e-03 -8.655465904272729603e-04 -2.860008697581011006e-03 5.011935947947914957e-03 -9.840271576607894505e-03 1.890285704043195847e-02 1.989975797293174354e-03 2.477073588475757482e-03 2.444868897505666355e-02 -5.388327775334789474e-03 -4.263394458700714776e-03 -6.044251218257775185e-03
1.583690825768041890e-02 -3.020351197107727387e-03 -1.168072024932997324e-03 1.113658998749495876e-03 -2.638955318583744575e-03 -1.133900809029308315e-02 -2.793882818500400406e-03 -4.848708715744109998e-03 -4.342761075085017084e-04 -3.070425354444299149e-02 -2.162933306001566230e-03 -5.391172719824032476e-03 -3.869640233939427437e-03 9.523158356980191419e-01 -5.659591691999616737e-03 -4.170500969781257630e-03 -4.625831369669456891e-03 -2.789267114787690859e-03 -1.814445319923834203e-03 -2.526022577091837588e-03 8.414125076404850925e-03 -3.228466391048683600e-03 5.665449666079660530e-03 -4.114928736394823927e-03 -6.738245398262612471e-03 -8.017195367330648935e-04 1.309551008702035217e-02 -2.719936129375408879e-03 -1.012865011725748356e-03 -9.386439546814121220e-04 -3.445340660469004435e-03 -9.288632535967452503e-03 -4.194019874838761006e-04 6.571869503819738681e-03 1.189287532673544145e-02 -3.326167578377320962e-03 -4.438200709166511757e-03 5.281212033550291424e-03 2.168402178954286982e-03 -4.052606990429549294e-04 -2.700074905358130269e-03 -5.090209051976226327e-03 4.375479498078299612e-02 3.168636278562406497e-03 1.029739073229252091e-03 -2.967514107782534723e-03 -1.719227079987051742e-03 -5.543243716702439365e-03 -2.446090655870716835e-03 -6.728442436597394799e-03 -3.047811793617681217e-03 3.006051061805314808e-03 -5.676809767883727632e-03 -1.759381152063363603e-03 -1.363312734120685280e-02 -4.343924330915192693e-03 7.123323033092208642e-03 2.325752985249189032e-03 2.009571614860312244e-02 -2.345815801420758108e-03 -3.502641611169061021e-03 -1.864254837993618158e-03 -2.092120879449961036e-03 4.476448121672430003e-03 -4.079074370682675876e-04 -1.107164108159689212e-03 -8.713300205578710734e-04 -1.086081404235310615e-03 -1.086955214980275895e-03 -1.238349425315585185e-03 -5.558670550329313734e-04 -1.388770453060866276e-03 -8.714790330993537519e-04 -4.138509888605490039e-04 -1.082018555867602294e-03 -5.327174865476911768e-04 -1.193022256007353300e-03 -8.160729854277567986e-04 -1.961678710249768840e-04 -4.387300397292629795e-04 -4.299099234207429403e-04 -3.150860393508078347e-04 -8.793667114196448975e-04 -6.132974177133864021e-04 -4.839253701738100203e-04 -8.815641856473247070e-04 -1.220737407431041329e-03 -7.164847863442558567e-04 -5.318695743711074515e-04 -3.546026844079627240e-03 -7.570195861464572686e-04 -4.909565301888795278e-04 -7.523544140004420015e-04 -1.443439184826160807e-03 -9.051475940285989060e-04 -6.235301528498356140e-04 -1.318485950044553543e-03 -3.425288501744798994e-04 -1.007277388369537917e-03 -7.304276182589212367e-04 -5.373874042761204572e-04 -6.042012316334789560e-04 7.109055740125451786e-03 -1.164446613428170643e-03 -3.273043534592219020e-04 -2.575739675056952244e-03
